0 0.5018229166666667 0.4825581395348837 0.04114583333333333 0.07170542635658915
0 0.6247395833333333 0.22674418604651161 0.0515625 0.08527131782945736
0 0.7078125 0.34156976744186046 0.04895833333333333 0.06686046511627906
1 0.42994791666666665 0.44137596899224807 0.07864583333333333 0.2238372093023256
1 0.7927083333333333 0.14874031007751937 0.065625 0.1327519379844961
2 0.5901041666666667 0.3808139534883721 0.0375 0.0562015503875969
2 0.6307291666666667 0.34156976744186046 0.036458333333333336 0.06686046511627906
2 0.6549479166666666 0.33478682170542634 0.04739583333333333 0.07848837209302326
2 0.6684895833333333 0.2548449612403101 0.0265625 0.06395348837209303
2 0.6901041666666666 0.24127906976744184 0.027083333333333334 0.07364341085271317
4 0.6223958333333334 0.810077519379845 0.084375 0.13178294573643412
4 0.5932291666666667 0.876453488372093 0.08333333333333333 0.05329457364341085
5 0.2359375 0.2606589147286822 0.10416666666666667 0.12015503875968991
9 0.06041666666666667 0.5067829457364341 0.05625 0.1182170542635659
9 0.11302083333333333 0.5663759689922481 0.078125 0.10949612403100775
