0 0.5122395833333333 0.49127906976744184 0.06614583333333333 0.08333333333333333
0 0.5333333333333333 0.4074612403100775 0.05 0.07461240310077519
0 0.6565104166666667 0.5077519379844961 0.044270833333333336 0.09302325581395349
0 0.6768229166666666 0.3018410852713178 0.0421875 0.09205426356589147
0 0.8046875 0.6724806201550387 0.052083333333333336 0.09689922480620156
0 0.3828125 0.2451550387596899 0.05 0.06976744186046512
1 0.34010416666666665 0.5920542635658914 0.0875 0.23255813953488372
1 0.7619791666666667 0.1821705426356589 0.078125 0.18023255813953487
2 0.5807291666666666 0.373546511627907 0.028125 0.08236434108527131
2 0.60546875 0.39825581395348836 0.04010416666666666 0.09689922480620156
