0 0.9445312499999999 0.18943798449612403 0.03802083333333333 0.09205426356589147
0 0.5013020833333334 0.499031007751938 0.05677083333333333 0.08527131782945736
1 0.23802083333333332 0.2916666666666667 0.103125 0.21705426356589147
2 0.1953125 0.4437984496124031 0.04375 0.07751937984496124
2 0.12942708333333333 0.499031007751938 0.04010416666666666 0.06782945736434108
2 0.06145833333333333 0.564437984496124 0.034375 0.06492248062015504
4 0.35442708333333334 0.6405038759689923 0.0546875 0.08333333333333333
4 0.4046875 0.5920542635658914 0.06041666666666667 0.11434108527131782
4 0.45260416666666664 0.5901162790697674 0.053125 0.09302325581395349
5 0.48203124999999997 0.8430232558139534 0.08802083333333333 0.11046511627906977
