0 0.5013020833333334 0.33042635658914726 0.030729166666666665 0.07170542635658915
0 0.7552083333333334 0.3866279069767442 0.04375 0.08914728682170542
0 0.5018229166666667 0.49660852713178294 0.043229166666666666 0.08042635658914729
1 0.4421875 0.5479651162790697 0.10416666666666667 0.18895348837209303
1 0.83046875 0.17635658914728683 0.06822916666666666 0.20155038759689922
2 0.60625 0.47819767441860467 0.041666666666666664 0.08430232558139535
2 0.6528645833333333 0.4515503875968992 0.0453125 0.0755813953488372
2 0.66171875 0.3895348837209302 0.03177083333333333 0.06201550387596899
2 0.7104166666666667 0.40310077519379844 0.041666666666666664 0.07364341085271317
2 0.6997395833333333 0.3391472868217054 0.0390625 0.06976744186046512
2 0.7192708333333333 0.3066860465116279 0.029166666666666667 0.05329457364341085
9 0.051041666666666666 0.6342054263565892 0.04895833333333333 0.13662790697674418
9 0.08177083333333333 0.6710271317829457 0.04375 0.10755813953488372
