0 0.4973958333333333 0.499031007751938 0.03854166666666667 0.09108527131782945
1 0.384375 0.6400193798449613 0.07916666666666666 0.19864341085271317
1 0.6052083333333333 0.4195736434108527 0.07291666666666667 0.18023255813953487
1 0.7111979166666667 0.1821705426356589 0.05364583333333333 0.15310077519379844
1 0.09635416666666667 0.46075581395348836 0.09270833333333334 0.15794573643410853
2 0.33567708333333335 0.6589147286821705 0.04010416666666666 0.04457364341085271
2 0.30234375 0.7543604651162791 0.058854166666666666 0.10174418604651163
2 0.24270833333333333 0.8386627906976744 0.04375 0.06492248062015504
2 0.06953125 0.7863372093023255 0.0546875 0.09205426356589147
2 0.09479166666666666 0.6511627906976745 0.053125 0.07170542635658915
2 0.13098958333333333 0.559593023255814 0.05677083333333333 0.09786821705426356
