0 0.49973958333333335 0.4893410852713178 0.05677083333333333 0.10271317829457365
0 0.7346354166666667 0.4830426356589147 0.0359375 0.061046511627906974
0 0.25 0.2621124031007752 0.034375 0.04748062015503876
1 0.34453125 0.7921511627906976 0.09739583333333333 0.21414728682170542
1 0.7559895833333333 0.249515503875969 0.08697916666666666 0.21996124031007752
2 0.7315104166666666 0.5707364341085271 0.04114583333333333 0.06201550387596899
2 0.7216145833333333 0.5295542635658914 0.028645833333333332 0.05135658914728682
6 0.44869791666666664 0.4064922480620155 0.06927083333333334 0.11143410852713179
7 0.2544270833333333 0.18362403100775193 0.1296875 0.22189922480620156
11 0.17942708333333332 0.48546511627906974 0.0703125 0.06782945736434108
