0 0.5059895833333333 0.5038759689922481 0.050520833333333334 0.0755813953488372
0 0.6669270833333333 0.3013565891472868 0.050520833333333334 0.06782945736434108
1 0.3481770833333333 0.4796511627906977 0.10885416666666667 0.20930232558139533
1 0.7432291666666666 0.14534883720930233 0.07083333333333333 0.15503875968992248
2 0.69296875 0.16666666666666666 0.03802083333333333 0.06782945736434108
2 0.7244791666666667 0.125 0.03854166666666667 0.0562015503875969
2 0.42265625 0.5281007751937984 0.049479166666666664 0.07945736434108527
2 0.36692708333333335 0.6022286821705426 0.0421875 0.0687984496124031
2 0.30625 0.6627906976744186 0.04479166666666667 0.09108527131782945
6 0.6643229166666667 0.41472868217054265 0.06822916666666666 0.0755813953488372
