0 0.49583333333333335 0.49273255813953487 0.053125 0.07267441860465117
1 0.41640625 0.4118217054263566 0.0859375 0.1937984496124031
1 0.7393229166666666 0.10465116279069767 0.06197916666666667 0.08139534883720931
2 0.5880208333333333 0.39680232558139533 0.030208333333333334 0.07655038759689922
2 0.61875 0.36046511627906974 0.042708333333333334 0.08139534883720931
2 0.6544270833333333 0.3178294573643411 0.03177083333333333 0.09302325581395349
2 0.6809895833333334 0.3125 0.0359375 0.11531007751937984
2 0.7020833333333333 0.2567829457364341 0.03125 0.05813953488372093
2 0.7208333333333333 0.24031007751937983 0.04583333333333333 0.06201550387596899
6 0.4940104166666667 0.17005813953488372 0.04114583333333333 0.0687984496124031
