0 0.47734375 0.24903100775193798 0.050520833333333334 0.06976744186046512
0 0.5010416666666666 0.5 0.058333333333333334 0.07945736434108527
1 0.3140625 0.5101744186046512 0.10416666666666667 0.2625968992248062
1 0.725 0.1501937984496124 0.08020833333333333 0.17635658914728683
2 0.5458333333333333 0.3633720930232558 0.04479166666666667 0.06201550387596899
2 0.5104166666666666 0.40455426356589147 0.026041666666666668 0.06298449612403101
2 0.4778645833333333 0.4127906976744186 0.0421875 0.06782945736434108
2 0.5578125 0.3313953488372093 0.04895833333333333 0.07364341085271317
2 0.5955729166666667 0.29408914728682173 0.0390625 0.061046511627906974
2 0.61640625 0.2931201550387597 0.0296875 0.07461240310077519
2 0.6231770833333333 0.2596899224806202 0.033854166666666664 0.05426356589147287
6 0.6388020833333333 0.437984496124031 0.07135416666666666 0.10852713178294573
