0 0.4940104166666667 0.4956395348837209 0.04114583333333333 0.08430232558139535
0 0.49140625 0.2824612403100775 0.0390625 0.07073643410852713
0 0.5364583333333334 0.2703488372093023 0.03958333333333333 0.08333333333333333
1 0.4223958333333333 0.4835271317829457 0.07708333333333334 0.25775193798449614
1 0.7888020833333333 0.15455426356589147 0.06614583333333333 0.1618217054263566
2 0.56953125 0.436046511627907 0.049479166666666664 0.06976744186046512
2 0.5765625 0.374515503875969 0.03854166666666667 0.05717054263565891
2 0.60390625 0.3367248062015504 0.0390625 0.07655038759689922
4 0.60078125 0.8381782945736433 0.0609375 0.12790697674418605
4 0.6583333333333333 0.8662790697674418 0.05625 0.07170542635658915
9 0.04479166666666667 0.5421511627906976 0.06041666666666667 0.11724806201550388
9 0.08776041666666666 0.5867248062015504 0.07135416666666666 0.10368217054263566
