0 0.49921875 0.4888565891472868 0.07135416666666666 0.09205426356589147
0 0.41302083333333334 0.14098837209302326 0.0625 0.04748062015503876
1 0.3598958333333333 0.4471899224806202 0.084375 0.2063953488372093
1 0.10598958333333333 0.8362403100775194 0.1109375 0.1298449612403101
1 0.7466145833333333 0.13372093023255813 0.0734375 0.1298449612403101
2 0.5114583333333333 0.37306201550387597 0.029166666666666667 0.06007751937984496
2 0.5341145833333333 0.3594961240310077 0.025520833333333333 0.06589147286821706
2 0.5713541666666666 0.3231589147286822 0.040625 0.07461240310077519
2 0.5872395833333334 0.2853682170542636 0.04739583333333333 0.07073643410852713
2 0.6200520833333333 0.2441860465116279 0.027604166666666666 0.07364341085271317
2 0.64609375 0.24757751937984496 0.03802083333333333 0.07655038759689922
4 0.5817708333333333 0.8207364341085271 0.06458333333333333 0.11627906976744186
4 0.6380208333333334 0.7979651162790697 0.053125 0.11143410852713179
6 0.6690104166666666 0.4006782945736434 0.030729166666666665 0.0687984496124031
